   1.0000000e+00   0.0000000e+00  -9.5297491e+01   1.0000000e+00
   2.0000000e+00   1.0000000e+00  -9.6379147e+01   4.0000000e+00
   3.0000000e+00   1.0000000e+00  -9.6532066e+01   6.0000000e+00
   4.0000000e+00   2.0000000e+00  -9.7460803e+01   6.0000000e+00
   5.0000000e+00   2.0000000e+00  -9.7613722e+01   1.2000000e+01
   6.0000000e+00   2.0000000e+00  -9.7766642e+01   1.5000000e+01
   7.0000000e+00   2.0000000e+00  -9.7633289e+01   1.2000000e+01
   8.0000000e+00   3.0000000e+00  -9.8542459e+01   4.0000000e+00
   9.0000000e+00   3.0000000e+00  -9.8695379e+01   6.0000000e+00
   1.0000000e+01   3.0000000e+00  -9.8848298e+01   1.2000000e+01
   1.1000000e+01   3.0000000e+00  -9.9001217e+01   2.0000000e+01
   1.2000000e+01   3.0000000e+00  -9.8714946e+01   2.4000000e+01
   1.3000000e+01   3.0000000e+00  -9.8867865e+01   3.6000000e+01
   1.4000000e+01   3.0000000e+00  -9.8734513e+01   6.0000000e+00
   1.5000000e+01   3.0000000e+00  -9.8887432e+01   1.2000000e+01
   1.6000000e+01   4.0000000e+00  -9.9624116e+01   1.0000000e+00
   1.7000000e+01   4.0000000e+00  -1.0008287e+02   4.0000000e+00
   1.8000000e+01   4.0000000e+00  -1.0023579e+02   1.5000000e+01
   1.9000000e+01   4.0000000e+00  -9.9796602e+01   1.2000000e+01
   2.0000000e+01   4.0000000e+00  -9.9949521e+01   2.4000000e+01
   2.1000000e+01   4.0000000e+00  -1.0010244e+02   3.6000000e+01
   2.2000000e+01   4.0000000e+00  -9.9816169e+01   1.2000000e+01
   2.3000000e+01   4.0000000e+00  -9.9969088e+01   4.2000000e+01
   2.4000000e+01   4.0000000e+00  -1.0012201e+02   3.6000000e+01
   2.5000000e+01   4.0000000e+00  -9.9988655e+01   2.4000000e+01
   2.6000000e+01   4.0000000e+00  -1.0014157e+02   4.0000000e+00
   2.7000000e+01   5.0000000e+00  -1.0147037e+02   6.0000000e+00
   2.8000000e+01   5.0000000e+00  -1.0133702e+02   1.2000000e+01
   2.9000000e+01   5.0000000e+00  -1.0089783e+02   6.0000000e+00
   3.0000000e+01   5.0000000e+00  -1.0105074e+02   1.2000000e+01
   3.1000000e+01   5.0000000e+00  -1.0120366e+02   3.6000000e+01
   3.2000000e+01   5.0000000e+00  -1.0135658e+02   3.6000000e+01
   3.3000000e+01   5.0000000e+00  -1.0107031e+02   3.6000000e+01
   3.4000000e+01   5.0000000e+00  -1.0122323e+02   4.8000000e+01
   3.5000000e+01   5.0000000e+00  -1.0137615e+02   1.2000000e+01
   3.6000000e+01   5.0000000e+00  -1.0108988e+02   1.2000000e+01
   3.7000000e+01   5.0000000e+00  -1.0124280e+02   3.6000000e+01
   3.8000000e+01   6.0000000e+00  -1.0270494e+02   1.0000000e+00
   3.9000000e+01   6.0000000e+00  -1.0259116e+02   1.2000000e+01
   4.0000000e+01   6.0000000e+00  -1.0230489e+02   4.0000000e+00
   4.1000000e+01   6.0000000e+00  -1.0245781e+02   2.4000000e+01
   4.2000000e+01   6.0000000e+00  -1.0261073e+02   1.2000000e+01
   4.3000000e+01   6.0000000e+00  -1.0217153e+02   1.5000000e+01
   4.4000000e+01   6.0000000e+00  -1.0232445e+02   3.6000000e+01
   4.5000000e+01   6.0000000e+00  -1.0247737e+02   4.2000000e+01
   4.6000000e+01   6.0000000e+00  -1.0234402e+02   3.6000000e+01
   4.7000000e+01   6.0000000e+00  -1.0249694e+02   2.4000000e+01
   4.8000000e+01   6.0000000e+00  -1.0236359e+02   4.0000000e+00
   4.9000000e+01   7.0000000e+00  -1.0384530e+02   4.0000000e+00
   5.0000000e+01   7.0000000e+00  -1.0371195e+02   6.0000000e+00
   5.1000000e+01   7.0000000e+00  -1.0357860e+02   1.2000000e+01
   5.2000000e+01   7.0000000e+00  -1.0373152e+02   2.4000000e+01
   5.3000000e+01   7.0000000e+00  -1.0344524e+02   2.0000000e+01
   5.4000000e+01   7.0000000e+00  -1.0359816e+02   3.6000000e+01
   5.5000000e+01   7.0000000e+00  -1.0375108e+02   6.0000000e+00
   5.6000000e+01   7.0000000e+00  -1.0361773e+02   1.2000000e+01
   5.7000000e+01   8.0000000e+00  -1.0498566e+02   6.0000000e+00
   5.8000000e+01   8.0000000e+00  -1.0485231e+02   1.2000000e+01
   5.9000000e+01   8.0000000e+00  -1.0471895e+02   1.5000000e+01
   6.0000000e+01   8.0000000e+00  -1.0487187e+02   1.2000000e+01
   6.1000000e+01   9.0000000e+00  -1.0612601e+02   4.0000000e+00
   6.2000000e+01   9.0000000e+00  -1.0599266e+02   6.0000000e+00
   6.3000000e+01   1.0000000e+01  -1.0726637e+02   1.0000000e+00
