   1.0000000e+00   1.0000000e+00  -9.6380629e+01   4.0000000e+00
   2.0000000e+00   1.0000000e+00  -9.6533679e+01   6.0000000e+00
   3.0000000e+00   2.0000000e+00  -9.7633581e+01   1.2000000e+01
   4.0000000e+00   2.0000000e+00  -9.7460564e+01   6.0000000e+00
   5.0000000e+00   2.0000000e+00  -9.7614989e+01   1.2000000e+01
   6.0000000e+00   2.0000000e+00  -9.7767062e+01   1.2000000e+01
   7.0000000e+00   2.0000000e+00  -9.7766327e+01   3.0000000e+00
   8.0000000e+00   3.0000000e+00  -9.8886507e+01   1.2000000e+01
   9.0000000e+00   3.0000000e+00  -9.8733253e+01   6.0000000e+00
   1.0000000e+01   3.0000000e+00  -9.8714988e+01   2.4000000e+01
   1.1000000e+01   3.0000000e+00  -9.8868190e+01   1.2000000e+01
   1.2000000e+01   3.0000000e+00  -9.8868598e+01   2.4000000e+01
   1.3000000e+01   3.0000000e+00  -9.8540754e+01   4.0000000e+00
   1.4000000e+01   3.0000000e+00  -9.8696262e+01   6.0000000e+00
   1.5000000e+01   3.0000000e+00  -9.8849667e+01   1.2000000e+01
   1.6000000e+01   3.0000000e+00  -9.9000484e+01   4.0000000e+00
   1.7000000e+01   3.0000000e+00  -9.9000648e+01   1.2000000e+01
   1.8000000e+01   3.0000000e+00  -9.9000720e+01   4.0000000e+00
   1.9000000e+01   4.0000000e+00  -1.0013842e+02   4.0000000e+00
   2.0000000e+01   4.0000000e+00  -9.9987318e+01   2.4000000e+01
   2.1000000e+01   4.0000000e+00  -9.9969091e+01   1.2000000e+01
   2.2000000e+01   4.0000000e+00  -1.0012128e+02   2.4000000e+01
   2.3000000e+01   4.0000000e+00  -1.0012151e+02   1.2000000e+01
   2.4000000e+01   4.0000000e+00  -9.9814620e+01   1.2000000e+01
   2.5000000e+01   4.0000000e+00  -9.9968811e+01   6.0000000e+00
   2.6000000e+01   4.0000000e+00  -9.9796438e+01   1.2000000e+01
   2.7000000e+01   4.0000000e+00  -9.9969630e+01   1.2000000e+01
   2.8000000e+01   4.0000000e+00  -9.9970091e+01   1.2000000e+01
   2.9000000e+01   4.0000000e+00  -9.9951032e+01   2.4000000e+01
   3.0000000e+01   4.0000000e+00  -1.0010327e+02   2.4000000e+01
   3.1000000e+01   4.0000000e+00  -1.0010330e+02   1.2000000e+01
   3.2000000e+01   4.0000000e+00  -9.9620271e+01   1.0000000e+00
   3.3000000e+01   4.0000000e+00  -1.0008450e+02   4.0000000e+00
   3.4000000e+01   4.0000000e+00  -1.0023426e+02   1.2000000e+01
   3.5000000e+01   4.0000000e+00  -1.0023431e+02   3.0000000e+00
   3.6000000e+01   5.0000000e+00  -1.0124048e+02   1.2000000e+01
   3.7000000e+01   5.0000000e+00  -1.0137376e+02   1.2000000e+01
   3.8000000e+01   5.0000000e+00  -1.0108792e+02   1.2000000e+01
   3.9000000e+01   5.0000000e+00  -1.0106987e+02   2.4000000e+01
   4.0000000e+01   5.0000000e+00  -1.0122325e+02   2.4000000e+01
   4.1000000e+01   5.0000000e+00  -1.0124160e+02   1.2000000e+01
   4.2000000e+01   5.0000000e+00  -1.0124131e+02   1.2000000e+01
   4.3000000e+01   5.0000000e+00  -1.0122406e+02   2.4000000e+01
   4.4000000e+01   5.0000000e+00  -1.0120534e+02   1.2000000e+01
   4.5000000e+01   5.0000000e+00  -1.0135646e+02   2.4000000e+01
   4.6000000e+01   5.0000000e+00  -1.0135638e+02   1.2000000e+01
   4.7000000e+01   5.0000000e+00  -1.0089580e+02   6.0000000e+00
   4.8000000e+01   5.0000000e+00  -1.0107015e+02   1.2000000e+01
   4.9000000e+01   5.0000000e+00  -1.0105267e+02   1.2000000e+01
   5.0000000e+01   5.0000000e+00  -1.0120578e+02   1.2000000e+01
   5.1000000e+01   5.0000000e+00  -1.0120621e+02   1.2000000e+01
   5.2000000e+01   5.0000000e+00  -1.0133837e+02   1.2000000e+01
   5.3000000e+01   5.0000000e+00  -1.0146827e+02   6.0000000e+00
   5.4000000e+01   6.0000000e+00  -1.0234297e+02   1.2000000e+01
   5.5000000e+01   6.0000000e+00  -1.0247709e+02   1.2000000e+01
   5.6000000e+01   6.0000000e+00  -1.0249518e+02   2.4000000e+01
   5.7000000e+01   6.0000000e+00  -1.0260909e+02   1.2000000e+01
   5.8000000e+01   6.0000000e+00  -1.0217041e+02   1.2000000e+01
   5.9000000e+01   6.0000000e+00  -1.0234333e+02   2.4000000e+01
   6.0000000e+01   6.0000000e+00  -1.0236087e+02   4.0000000e+00
   6.1000000e+01   6.0000000e+00  -1.0232613e+02   2.4000000e+01
   6.2000000e+01   6.0000000e+00  -1.0232546e+02   1.2000000e+01
   6.3000000e+01   6.0000000e+00  -1.0247788e+02   1.2000000e+01
   6.4000000e+01   6.0000000e+00  -1.0247777e+02   1.2000000e+01
   6.5000000e+01   6.0000000e+00  -1.0246060e+02   2.4000000e+01
   6.6000000e+01   6.0000000e+00  -1.0247837e+02   6.0000000e+00
   6.7000000e+01   6.0000000e+00  -1.0259159e+02   1.2000000e+01
   6.8000000e+01   6.0000000e+00  -1.0217050e+02   3.0000000e+00
   6.9000000e+01   6.0000000e+00  -1.0230921e+02   4.0000000e+00
   7.0000000e+01   6.0000000e+00  -1.0270223e+02   1.0000000e+00
   7.1000000e+01   7.0000000e+00  -1.0344497e+02   4.0000000e+00
   7.2000000e+01   7.0000000e+00  -1.0359882e+02   2.4000000e+01
   7.3000000e+01   7.0000000e+00  -1.0361606e+02   1.2000000e+01
   7.4000000e+01   7.0000000e+00  -1.0373180e+02   2.4000000e+01
   7.5000000e+01   7.0000000e+00  -1.0374900e+02   6.0000000e+00
   7.6000000e+01   7.0000000e+00  -1.0384438e+02   4.0000000e+00
   7.7000000e+01   7.0000000e+00  -1.0344528e+02   1.2000000e+01
   7.8000000e+01   7.0000000e+00  -1.0344472e+02   4.0000000e+00
   7.9000000e+01   7.0000000e+00  -1.0359928e+02   1.2000000e+01
   8.0000000e+01   7.0000000e+00  -1.0358195e+02   1.2000000e+01
   8.1000000e+01   7.0000000e+00  -1.0371517e+02   6.0000000e+00
   8.2000000e+01   8.0000000e+00  -1.0471929e+02   1.2000000e+01
   8.3000000e+01   8.0000000e+00  -1.0487113e+02   1.2000000e+01
   8.4000000e+01   8.0000000e+00  -1.0485481e+02   1.2000000e+01
   8.5000000e+01   8.0000000e+00  -1.0498556e+02   6.0000000e+00
   8.6000000e+01   8.0000000e+00  -1.0471972e+02   3.0000000e+00
   8.7000000e+01   9.0000000e+00  -1.0599327e+02   6.0000000e+00
   8.8000000e+01   9.0000000e+00  -1.0612668e+02   4.0000000e+00
   8.9000000e+01   1.0000000e+01  -1.0726665e+02   1.0000000e+00
   9.0000000e+01   0.0000000e+00  -9.5300795e+01   1.0000000e+00
