   1.0000000e+00   0.0000000e+00  -9.5252790e+01   1.0000000e+00
   2.0000000e+00   1.0000000e+00  -9.6448768e+01   1.0000000e+01
   3.0000000e+00   2.0000000e+00  -9.7644746e+01   4.5000000e+01
   4.0000000e+00   3.0000000e+00  -9.8840724e+01   1.2000000e+02
   5.0000000e+00   4.0000000e+00  -1.0003670e+02   2.1000000e+02
   6.0000000e+00   5.0000000e+00  -1.0123268e+02   2.5200000e+02
   7.0000000e+00   6.0000000e+00  -1.0242866e+02   2.1000000e+02
   8.0000000e+00   7.0000000e+00  -1.0362464e+02   1.2000000e+02
   9.0000000e+00   8.0000000e+00  -1.0482061e+02   4.5000000e+01
   1.0000000e+01   9.0000000e+00  -1.0601659e+02   1.0000000e+01
   1.1000000e+01   1.0000000e+01  -1.0721257e+02   1.0000000e+00
